1 0.2796875000000001 0.659375 0.1062500000000001 0.659375 0.10625000000000011 0.95 0.2796875000000001 0.95
1 0.37031250000000004 0.32656250000000003 0.19687500000000005 0.3265625 0.19687500000000008 0.6328125 0.3703125000000001 0.6328125
1 0.2234375 0.048437500000000015 0.0609375 0.04843750000000001 0.06093750000000002 0.3484375 0.2234375 0.3484375
1 0.4515625 0.021875000000000044 0.284375 0.021875000000000033 0.284375 0.31718750000000007 0.4515625 0.31718750000000007
1 0.584375 0.41875 0.3968750000000001 0.41875 0.3968750000000001 0.7046875 0.584375 0.7046875
1 0.7984375000000001 0.7453125 0.6031250000000001 0.7453125 0.6031250000000001 0.9953125 0.7984375000000001 0.9953125
1 0.7796875 0.3968750000000001 0.5921875 0.3968750000000001 0.5921875 0.6734375000000001 0.7796875 0.6734375000000001
1 0.9984375 0.7156250000000002 0.821875 0.7156250000000002 0.821875 0.9953125 0.9984375 0.9953125
1 0.9953125 0.40625000000000017 0.8171875 0.40625000000000017 0.8171875 0.7062500000000002 0.9953125 0.7062500000000002
0 0.903125 0.0671875000000001 0.8078125 0.0671875000000001 0.8078125 0.3046875000000001 0.903125 0.3046875000000001
0 0.6765625 0.05625000000000008 0.5921875 0.056250000000000064 0.5921875 0.2171875000000001 0.6765625 0.2171875000000001
0 0.49218750000000017 0.7890625 0.2765625000000001 0.7890625 0.2765625000000001 0.9984375 0.49218750000000017 0.9984375
0 0.5718750000000001 0.65625 0.3421875000000001 0.65625 0.3421875000000001 0.934375 0.5718750000000001 0.934375
0 0.575 0.09843750000000005 0.4359375 0.09843750000000004 0.4359375 0.37968750000000007 0.575 0.37968750000000007