0 0.853125 0.046875 0.062500 0.093750
0 0.888281 0.252344 0.064063 0.110938
0 0.967188 0.664844 0.056250 0.107813
0 0.758594 0.692969 0.064063 0.110938
0 0.652344 0.080469 0.051562 0.098438
0 0.685938 0.283594 0.056250 0.107812
0 0.444531 0.115625 0.057812 0.100000
0 0.479687 0.321875 0.056250 0.103125
0 0.515625 0.527344 0.065625 0.114062
0 0.549219 0.732813 0.057813 0.100000
0 0.234375 0.150000 0.065625 0.112500
0 0.270313 0.357812 0.059375 0.106250
0 0.308594 0.571875 0.054688 0.103125
0 0.339063 0.773438 0.053125 0.093750
0 0.366406 0.962500 0.057812 0.068750
0 0.064063 0.394531 0.065625 0.104688
0 0.133594 0.811719 0.054688 0.107812
